$ 1 0.000005 27.727228452313398 50 5 43 5e-11
r 544 304 544 368 0 680
I 544 368 640 368 0 0.5 5
I 544 432 640 432 0 0.5 5
I 544 496 640 496 0 0.5 5
I 544 560 640 560 0 0.5 5
r 544 368 544 432 0 1000
r 544 432 544 496 0 1200
r 544 496 544 560 0 1800
r 544 176 544 240 0 120
r 640 368 704 368 0 1000
r 640 432 704 432 0 1000
r 640 496 704 496 0 1000
r 640 560 704 560 0 1000
162 752 368 704 368 2 default-led 1 0 0 0.01
w 752 368 752 432 0
w 752 432 752 496 0
w 752 496 752 560 0
R 288 224 192 224 0 3 200 0.029000000000000005 0 0 0.159154943092
162 752 432 704 432 2 default-led 1 0 0 0.01
162 752 496 704 496 2 default-led 1 0 0 0.01
162 752 560 704 560 2 default-led 1 0 0 0.01
R 752 240 752 192 0 0 40 5 0 0 0.5
162 752 304 704 304 2 default-led 1 0 0 0.01
r 640 304 704 304 0 1000
I 544 304 640 304 0 0.5 5
r 544 240 544 304 0 470
162 752 240 704 240 2 default-led 1 0 0 0.01
r 640 240 704 240 0 1000
I 544 240 640 240 0 0.5 5
w 752 240 752 304 0
w 752 304 752 368 0
R 544 144 544 96 0 0 40 5 0 0 0.5
t 480 160 544 160 0 1 -1.0095977334679653 0.5786018458141649 100 default
g 544 624 544 656 0 0
r 480 160 480 64 0 33000
c 416 160 480 160 0 0.000001 -0.3558881641225331 0.001
r 544 560 544 624 0 15000
R 480 64 480 32 0 0 40 5 0 0 0.5
r 480 256 480 160 0 47000
g 480 256 480 272 0 0
c 544 176 608 176 0 0.0000082 3.41180042071787 0.001
g 608 176 624 176 0 0
w 416 160 368 80 0
403 640 32 768 96 0 42_64_0_4099_5_0.00009765625_-1_2_42_3
r 416 64 416 160 0 6800
w 416 64 480 64 0
t 352 224 416 224 0 1 -3.0905929109890735 0.5439211914204282 100 default
w 416 208 416 160 0
r 416 160 352 160 0 560000
w 352 160 352 224 0
c 288 224 352 224 0 0.000001 -0.5622491842664622 0.001
g 416 240 416 272 0 0
38 31 F1 0 0 5 -1 Voltage
38 17 F1 0 0 0.1 -1 Max\sVoltage
