$ 1 0.000005 9.78399845368213 50 5 43 5e-11
r 544 304 544 368 0 680
I 544 368 640 368 0 0.5 5
I 544 432 640 432 0 0.5 5
I 544 496 640 496 0 0.5 5
I 544 560 640 560 0 0.5 5
r 544 368 544 432 0 1000
r 544 432 544 496 0 1200
r 544 496 544 560 0 1800
r 640 368 704 368 0 1000
r 640 432 704 432 0 1000
r 640 496 704 496 0 1000
r 640 560 704 560 0 1000
162 752 368 704 368 2 default-led 1 0 0 0.01
w 752 368 752 432 0
w 752 432 752 496 0
w 752 496 752 560 0
R 288 192 192 192 0 3 200 0.0285 0 0 0.159154943092
162 752 432 704 432 2 default-led 1 0 0 0.01
162 752 496 704 496 2 default-led 1 0 0 0.01
162 752 560 704 560 2 default-led 1 0 0 0.01
R 752 240 752 192 0 0 40 5 0 0 0.5
162 752 304 704 304 2 default-led 1 0 0 0.01
r 640 304 704 304 0 1000
I 544 304 640 304 0 0.5 5
r 544 240 544 304 0 470
162 752 240 704 240 2 default-led 1 0 0 0.01
r 640 240 704 240 0 1000
I 544 240 640 240 0 0.5 5
w 752 240 752 304 0
w 752 304 752 368 0
R 544 128 544 80 0 0 40 5 0 0 0.5
t 480 144 544 144 0 1 -1.5356156599369006 0.5076360927074783 100 default
g 544 624 544 656 0 0
r 544 560 544 624 0 33000
R 416 48 416 16 0 0 40 5 0 0 0.5
w 512 176 464 176 0
403 720 32 848 96 0 35_32_0_4099_5_0.00009765625_-1_2_35_3
r 416 48 416 144 0 10000
t 352 192 416 192 0 1 -2.89412415427616 0.5470457952159293 100 default
w 416 176 416 144 0
r 512 240 448 240 0 1000000
w 512 176 512 240 0
c 288 192 352 192 0 0.0000032999999999999997 -0.5922735930749295 0.001
g 416 368 416 400 0 0
w 416 144 480 144 0
r 416 288 416 368 0 150
w 544 160 544 176 0
w 416 208 416 288 0
w 512 176 544 176 0
w 448 240 352 240 0
w 352 240 352 192 0
r 544 176 544 240 0 470
c 544 176 608 176 0 0.0000047 2.956748247355621 0.001
g 608 176 624 176 0 0
38 30 F1 0 0 5 -1 Voltage
38 16 F1 0 0 0.05 -1 Max\sVoltage
