$ 1 0.000009999999999999999 11.086722712598126 53 5 43 5e-11
R -64 80 -144 80 0 2 500 2.5 2.5 0 0.5
R -64 224 -144 224 0 2 10 2.5 2.5 0 0.5
r -64 224 16 224 0 1500
c 16 224 16 288 0 0.000009999999999999999 0.44702509524303446 0.001
g 16 288 16 304 0 0
r -64 80 16 80 0 3300
c 16 80 16 144 0 1e-7 0.24003246640743592 0.001
g 16 144 16 160 0 0
w 16 80 64 48 0
403 496 0 624 64 0 8_64_0_4099_5_0.00009765625_-1_2_8_3
w 16 224 64 192 0
403 496 80 624 144 0 10_64_0_4099_5_0.00009765625_-1_2_10_3
w 16 80 128 80 0
w 16 224 128 224 0
r 128 80 128 160 0 82000
r 128 160 128 224 0 100000
w 128 160 176 128 0
403 496 176 624 240 0 16_64_0_4099_5_0.00009765625_-1_2_16_3
I 240 160 352 160 0 0.5 5
w 352 160 384 128 0
403 464 304 736 432 0 19_16_0_4099_5_0.00009765625_-1_2_19_3
w -64 224 -96 192 0
r 352 160 352 224 0 1000
162 352 224 352 272 2 default-led 1 0 0 0.01
g 352 272 352 304 0 0
w 240 160 128 160 0
